<?xml version="1.0"?>
<opencv_storage>
<RMS>0.99122795063791391</RMS>
<K type_id="opencv-matrix">
  <rows>3</rows>
  <cols>3</cols>
  <dt>d</dt>
  <data>
    1590.0968585973358 0. 560.55568606337022 0. 1611.734621864322
    477.37370674155949 0. 0. 1.</data></K>
<dist type_id="opencv-matrix">
  <rows>1</rows>
  <cols>5</cols>
  <dt>d</dt>
  <data>
    -0.14191218643499839 2.3367019142563508 -0.018849622585064514
    0.020437107387919463 -9.0592184720329936</data></dist>
</opencv_storage>
